0.750000000000000
0.600000000000000
1.60000000000000
1.10000000000000
0.800000000000000
1.70000000000000
1.40000000000000
0.850000000000000
0.700000000000000
1.90000000000000
1.50000000000000
0.500000000000000
0.550000000000000
0.650000000000000
1.80000000000000
1.30000000000000
0.900000000000000
2
0.950000000000000
1.20000000000000
1.20000000000000
2
0.550000000000000
1.40000000000000
1.50000000000000
0.950000000000000
1.30000000000000
1.80000000000000
0.850000000000000
0.900000000000000
0.500000000000000
0.700000000000000
1.70000000000000
1.10000000000000
0.800000000000000
0.750000000000000
1.60000000000000
0.600000000000000
0.650000000000000
1.90000000000000
1.50000000000000
1.40000000000000
0.700000000000000
2
1.10000000000000
1.80000000000000
0.550000000000000
0.500000000000000
0.800000000000000
0.750000000000000
1.60000000000000
1.90000000000000
0.850000000000000
1.30000000000000
1.20000000000000
0.900000000000000
0.950000000000000
0.600000000000000
0.650000000000000
1.70000000000000
0.850000000000000
0.900000000000000
1.70000000000000
1.40000000000000
1.80000000000000
1.20000000000000
0.550000000000000
0.950000000000000
1.60000000000000
2
0.600000000000000
0.800000000000000
1.90000000000000
0.650000000000000
0.500000000000000
1.30000000000000
1.10000000000000
0.700000000000000
1.50000000000000
0.750000000000000