7
10
10
6
10
6
7
6
10
7
10
15
6
10
6
6
7
15
15
7
6
7
6
15
10
7
7
15
15
7
15
6
6
7
15
7
6
10
15
10
6
15
10
15
6
15
10
15
6
10
15
10
15
7
10
10
7
6
15
10
6
15
6
6
7
10
7
6
6
7
6
7
10
15
10
6
10
15
7
7
10
6
6
6
15
10
15
10
10
10
15
15
6
7
7
7
10
6
6
6
10
6
10
10
7
15
6
6
15
7
15
15
7
6
7
10
15
15
10
15
6
15
10
15
15
15
6
15
10
15
15
10
7
6
10
10
10
7
15
15
6
6
10
6
7
6
15
10
6
15
6
15
6
7
6
7
6
15
7
7
10
15
6
10
10
10
7
7
7
7
10
7
7
15
7
15
10
7
6
7
7
15
10
7
7
7
10
15
7
6
15
10
15
7
10
10
6
7
7
6