5600
2000
2200
1800
14400
8800
1200
2600
5200
24000
19200
25600
27200
2400
22400
7200
11200
5200
9600
16000
1000
20800
20800
6800
32000
4800
9600
20800
8800
10400
2800
12800
6000
24000
3400
24000
6000
1600
1400
1500
32000
1900
1600
13600
10400
17600
1200
1300
1400
8000
28800
3200
8000
1900
22400
1100
6000
1700
3800
1400
12000
3000
1000
4800
27200
25600
1800
3000
12800
12800
2800
9600
11200
1700
16000
3200
32000
3600
13600
1100
2800
10400
28800
1600
30400
6400
16000
3800
2400
2000
7600
2200
2400
3400
2600
22400
1100
7600
14400
17600
4000
4400
1000
3400
3000
6400
1300
7600
1200
19200
12000
6800
3800
8800
1500
6400
1700
25600
3200
2200
4400
6800
7200
5200
7200
1900
3600
4800
11200
30400
15200
15200
19200
14400
1800
15200
2600
27200
12000
30400
4000
5600
2000
28800
4000
1300
1500
5600
3600
4400
17600
8000
13600
3000
20800
3400
2600
2600
9600
17600
1600
5200
9600
28800
6000
2400
2200
2400
12000
1900
25600
9600
24000
27200
3000
8000
12800
4800
27200
3800
3200
2000
12000
6400
20800
1300
19200
13600
30400
3200
5600
13600
3400
12800
22400
1000
5600
4800
1800
1500
1100
1500
16000
5200
2600
5200
15200
2800
5600
10400
1100
30400
8000
15200
8800
20800
2000
17600
24000
6400
6000
16000
3600
8800
3800
32000
1300
2800
14400
11200
4400
7200
32000
1500
8000
1700
4000
24000
1100
13600
10400
6000
15200
4000
28800
4400
22400
1000
14400
2800
1900
1200
1200
30400
25600
19200
2200
28800
1400
4400
1800
14400
6800
7600
3600
16000
10400
4800
11200
2400
1200
7600
25600
6400
1700
6800
17600
1400
8800
1600
1700
7200
1900
2200
22400
1000
7200
12000
2000
12800
3600
3000
3400
7600
32000
4000
1300
1600
27200
3200
1800
11200
3800
19200
1400
6800
1300
6000
16000
5200
12000
28800
5600
2800
2400
1900
10400
1300
9600
13600
2000
1100
20800
1400
1700
22400
14400
9600
3600
17600
3800
1600
2400
14400
2600
2800
4400
19200
16000
1500
24000
8800
1800
30400
4000
8800
3600
3200
1200
1900
1500
15200
2000
12000
3400
1800
12000
11200
4000
5600
3200
4800
7600
19200
27200
8800
1700
4000
7200
2200
12800
7200
12800
12800
1900
3400
2200
6800
10400
8000
2200
14400
30400
25600
1800
6000
1100
30400
1200
2600
25600
1100
5600
13600
4400
7200
2600
6800
11200
32000
19200
3000
1400
3000
16000
7600
1400
2800
22400
1000
8000
20800
3000
1200
15200
3200
5200
1600
2400
24000
28800
27200
3800
6400
1700
28800
13600
2000
6800
4800
15200
32000
3600
11200
5200
1500
17600
1600
1000
4400
22400
10400
4800
1000
7600
6000
17600
3800
9600
27200
32000
25600
8000
6400
20800
6400
1300
3400
24000
28800
1500
28800
3000
12800
4400
3400
12800
1000
2600
4000
12800
2600
3800
5200
2800
3200
1700
20800
17600
20800
25600
7200
25600
2800
14400
3800
1100
16000
17600
1700
30400
3200
1800
14400
16000
24000
1500
5200
3800
11200
8000
4400
3200
3000
1900
1300
1100
27200
5200
2800
10400
12000
1400
11200
1900
1800
25600
8000
32000
1800
1000
2400
11200
1700
1400
4800
13600
1500
1000
1300
2000
9600
24000
15200
6800
1200
4800
1600
15200
3600
16000
1300
22400
4800
30400
8800
10400
3600
1100
5600
2600
8000
10400
6400
19200
32000
6800
1900
27200
9600
6000
3400
5600
3400
13600
2200
1600
4400
2200
1200
13600
19200
8800
7600
7200
8800
6400
7200
6400
1200
22400
9600
30400
7600
22400
15200
17600
2000
7600
6000
12000
1600
20800
1400
4000
2400
2200
6800
14400
24000
12000
4000
2000
27200
3600
6000
28800
19200
3000
5600
32000
2400