0.00511219386536680
0.000161661764548994
0.0287479787288035
0.00287479787288029
9.09090909090998e-05
0.0161661764548993
0.0511219386536680
0.00161661764548990
0.000287479787287999
0.000511219386536699
0.0909090909090910
0.000909090909090894
0.00909090909090910
0.0287479787288035
0.000511219386536699
0.00909090909090910
0.000909090909090894
0.0511219386536680
0.00511219386536680
9.09090909090998e-05
0.00161661764548990
0.000161661764548994
0.00287479787288029
0.0909090909090910
0.0161661764548993
0.000287479787287999
0.000511219386536699
0.0511219386536680
0.0909090909090910
0.000909090909090894
0.0161661764548993
0.00161661764548990
0.00909090909090910
0.000287479787287999
0.00287479787288029
0.0287479787288035
0.00511219386536680
0.000161661764548994
9.09090909090998e-05
0.0511219386536680
0.000511219386536699
0.00287479787288029
0.0161661764548993
9.09090909090998e-05
0.000909090909090894
0.000287479787287999
0.000161661764548994
0.0909090909090910
0.00909090909090910
0.00511219386536680
0.0287479787288035
0.00161661764548990