7
13
13
16
13
16
7
16
13
7
13
4
16
13
16
16
7
4
4
7
16
7
16
4
13
7
7
4
4
7
4
16
16
7
4
7
16
13
4
13
16
4
13
4
16
4
13
4
16
13
4
13
4
7
13
13
7
16
4
13
16
4
16
16
7
13
7
16
16
7
16
7
13
4
13
16
13
4
7
7
13
16
16
16
4
13
4
13
13
13
4
4
16
7
7
7
13
16
16
16
13
16
13
13
7
4
16
16
4
7
4
4
7
16
7
13
4
4
13
4
16
4
13
4
4
4
16
4
13
4
4
13
7
16
13
13
13
7
4
4
16
16
13
16
7
16
4
13
16
4
16
4
16
7
16
7
16
4
7
7
13
4
16
13
13
13
7
7
7
7
13
7
7
4
7
4
13
7
16
7
7
4
13
7
7
7
13
4
7
16
4
13
4
7
13
13
16
7
7
16